===CSY_Flight Data===
2692989: >>[CMD] 정지 명령 수신. 데이터 송신 중단.
2693010수신된 명령어[RAW]: 1
2956256: >>[CMD] 시작 명령 수신. 데이터 송신 시작.+자이로 캘리브레이션 실시
2956423수신된 명령어[RAW]: 0
2956590: 0.8, 0, 0, 0, 0.0, 0.0, 0.0
2956759: 1.8, 0,-171,172, 0.0, 0.0, 0.0
2957258: 0.5, 0, 0, 0, 0.0, 0.0, 0.0
2957759: 1.3, 0, 0, 0, 0.0, 0.0, 0.0
2958259: 0.8, 0, 0, 0, 0.0, 0.0, 0.0
2958758: 1.8, 0, 0, 1, 0.0, 0.0, 0.0
2959258: 1.0, 0, 0, 0, 0.0, 0.0, 0.0
2959759: 0.8, 0,-0, 0, 0.0, 0.0, 0.0
2960259: 1.3, 0,-0, 1, 0.0, 0.0, 0.0
2960281: >>[CMD] 시작 명령 수신. 데이터 송신 시작.+자이로 캘리브레이션 실시
2960447수신된 명령어[RAW]: 0
2960758: 0.0, 0, 0,-0, 0.0, 0.0, 0.0
2961259: 0.0, 0, 0,-0, 0.0, 0.0, 0.0
2961760: 0.0, 0, 0,-0, 0.0, 0.0, 0.0
2962259: 0.0, 0, 0,-0, 0.0, 0.0, 0.0
2962759: -0.3,-0, 0,-0, 0.0, 0.0, 0.0
2963260: -0.3,-0, 0,-0, 0.0, 0.0, 0.0
2963760: 0.0,-0, 0,-0, 0.0, 0.0, 0.0
2964259: -0.3,-0, 0,-0, 0.0, 0.0, 0.0
2964759: -0.5,-0, 0, 0, 0.0, 0.0, 0.0
2965260: 0.0,-0, 0, 0, 0.0, 0.0, 0.0
2965409: >>========[CMD] 경고!! 릴레이 모듈 활성화됨!!+발사준비상태 돌입!!======================
2965428수신된 명령어[RAW]: 2
2965760: -0.5, 0, 0,-0, 0.0, 0.0, 0.0
2966259: 0.0, 0, 0,-0, 0.0, 0.0, 0.0
2966760: -0.3,-0, 0,-0, 0.0, 0.0, 0.0
2967260: 0.3, 0, 0,-0, 0.0, 0.0, 0.0
2967759: 0.3, 0, 0,-1, 0.0, 0.0, 0.0
2968259: 0.0, 0, 0,-1, 0.0, 0.0, 0.0
2968760: 0.3, 0, 0,-0, 0.0, 0.0, 0.0
2969260: 0.6, 0, 0,-1, 0.0, 0.0, 0.0
2969759: -0.5, 0, 0,-0, 0.0, 0.0, 0.0
2970260: -0.3,-0, 0,-1, 0.0, 0.0, 0.0
2970760: 0.0,-0, 0,-1, 0.0, 0.0, 0.0
2971259: -0.3,-0, 0,-0, 0.0, 0.0, 0.0
2971759: 0.0, 0, 0,-0, 0.0, 0.0, 0.0
2972260: -0.3, 0, 0,-0, 0.0, 0.0, 0.0
2972760: 0.6,-0, 0,-0, 0.0, 0.0, 0.0
2973259: -0.3,-0, 0,-0, 0.0, 0.0, 0.0
2973760: 0.3,-0, 0,-0, 0.0, 0.0, 0.0
2974261: 0.0,-0, 0,-1, 0.0, 0.0, 0.0
2974760: 0.0,-0, 0,-1, 0.0, 0.0, 0.0
2975260: 0.3,-0, 0,-1, 0.0, 0.0, 0.0
2975761: -0.8,-0, 0,-1, 0.0, 0.0, 0.0
2976261: 0.6,-0, 0,-1, 0.0, 0.0, 0.0
2976760: 0.0,-0, 0,-1, 0.0, 0.0, 0.0
2977260: 0.6,-0, 0,-1, 0.0, 0.0, 0.0
2977761: 0.3, 0, 0,-1, 0.0, 0.0, 0.0
2978260: -0.3,-0,-0,-1, 0.0, 0.0, 0.0
2978760: 0.3,-0, 0,-0, 0.0, 0.0, 0.0
2979261: 0.6,-0, 0,-1, 0.0, 0.0, 0.0
2979761: -0.5,-0, 0,-0, 0.0, 0.0, 0.0
2980260: -0.3,-0, 0,-1, 0.0, 0.0, 0.0
2980760: -0.5,-0, 0,-1, 0.0, 0.0, 0.0
2981261: -0.5,-0, 0,-0, 0.0, 0.0, 0.0
2981761: 0.0,-0,-0,-1, 0.0, 0.0, 0.0
2982260: -0.3,-0, 0,-1, 0.0, 0.0, 0.0
2982761: -0.8,-0, 0,-1, 0.0, 0.0, 0.0
2983261: -0.5,-0,-0,-1, 0.0, 0.0, 0.0
2983760: 0.0,-0,-0,-1, 0.0, 0.0, 0.0
2984260: 0.3,-0, 0,-1, 0.0, 0.0, 0.0
2984761: 0.0,-0,-0,-1, 0.0, 0.0, 0.0
2985261: 0.3,-0, 0,-1, 0.0, 0.0, 0.0
2985760: 0.0,-0, 0,-1, 0.0, 0.0, 0.0
2986261: 0.0, 0, 0,-1, 0.0, 0.0, 0.0
2986762: -0.3,-0, 0,-1, 0.0, 0.0, 0.0
2987261: -0.8,-0, 0,-1, 0.0, 0.0, 0.0
2987761: -0.8, 0, 0,-1, 0.0, 0.0, 0.0
2988262: 0.0, 0, 0,-1, 0.0, 0.0, 0.0
2988762: 0.3, 0, 0,-1, 0.0, 0.0, 0.0
2989261: -0.5,-0, 0,-1, 0.0, 0.0, 0.0
2989761: 0.0, 0, 0,-1, 0.0, 0.0, 0.0
2990262: 0.0, 0, 0,-1, 0.0, 0.0, 0.0
2990761: 0.3, 0, 0,-1, 0.0, 0.0, 0.0
2991261: 0.6, 0, 0,-0, 0.0, 0.0, 0.0
2991762: 0.3, 0, 0,-0, 0.0, 0.0, 0.0
2992262: -0.3, 0, 0,-1, 0.0, 0.0, 0.0
2992761: -0.5, 0, 0,-1, 0.0, 0.0, 0.0
2993261: -0.3, 0, 0,-0, 0.0, 0.0, 0.0
2993762: 0.0, 0, 0,-0, 0.0, 0.0, 0.0
2994262: 0.0, 0, 0,-1, 0.0, 0.0, 0.0
2994761: 0.3, 0, 0,-0, 0.0, 0.0, 0.0
2995262: -0.3, 0, 0,-0, 0.0, 0.0, -0.0
2995762: 0.8, 0,-0,-1, -0.0, -0.0, 0.2
2996261: 4.9, 1,-1,-7, 0.1, -0.3, 6.4
2996761: 12.8,-1, 7,22, -0.8, -2.0, 22.7
2997263: 23.6,-64,24, 3, -0.8, -8.7, 24.9
2997280: [AUTO]설정 자이로각도 도달에 따른 자동 낙하산 사출 및 단분리 실시
2997762: 23.6,-53, 7,163, -2.5, -8.2, 2.5
2997781: >> 단분리 성공
2998261: 21.9,-201,87,-1, -1.3, -5.5, -2.6
2998762: 17.5,-337,-22,110, -0.7, -1.1, -4.0
2999262: 17.0, 4, 3,256, -1.6, -0.5, -3.6
2999761: 13.3,-319,12,84, -3.7, -1.0, -3.2
3000261: 12.0,-350,28,213, -3.5, -0.7, -2.7
3000762: 9.9,-335,-7,348, -2.4, 0.5, -2.9
3000783: >> 불완전한 단분리!!
3001262: 8.1,-344,12,348, -2.4, 0.6, -2.5
3001280: >> 단분리 성공
3001761: 5.5,-345,12, 8, -3.3, 0.6, -2.6
3002112: [AUTO]릴레이모듈 외부전원 공급 꺼짐.
3002279: 3.6,-348,-9,24, 0.3, 0.1, -0.0
3002762: 1.6,-345,-8,335, 1.4, 0.0, -0.2
3003261: 1.1,-345, 8,318, 1.8, -0.1, 0.4
3003761: -1.3,-1, 2,321, 1.5, -0.7, 0.7
3004263: -1.8,-92, 2,126, 1.9, -3.2, 2.1
3004763: -2.0,-265,-43,316, -1.1, -4.8, 2.0
3005262: -1.8,-267,-46,316, -1.5, -4.7, 2.0
